4294967278,37
4294967278,36
4294967278,35
4294967278,34
4294967278,33
4294967278,32
4294967278,31
4294967278,30
4294967278,29
4294967278,28
4294967278,27
4294967279,22
4294967279,21
4294967279,19
4294967279,18
4294967279,16
4294967279,15
4294967279,13
4294967279,11
4294967279,10
4294967278,128
4294967278,122
4294967278,121
4294967278,120
4294967278,119
4294967278,118
4294967278,116
4294967278,112
4294967278,111
4294967278,110
4294967278,109
4294967278,107
4294967278,104
4294967278,103
4294967278,102
4294967278,101
4294967278,99
4294967278,98
4294967278,97
4294967278,96
4294967278,94
4294967278,93
4294967278,92
4294967278,91
4294967278,90
4294967278,89
4294967278,87
4294967278,86
4294967278,85
4294967278,84
4294967278,83
4294967278,82
4294967278,81
4294967278,80
4294967278,79
4294967278,78
4294967278,77
4294967278,76
4294967278,75
4294967278,74
4294967278,73
4294967278,72
4294967278,71
4294967278,70
4294967278,69
4294967278,68
4294967278,67
4294967278,66
4294967278,65
4294967278,64
4294967278,63
4294967278,62
4294967278,61
4294967278,60
4294967278,59
4294967278,58
4294967278,57
4294967278,56
4294967278,55
4294967278,54
4294967278,53
4294967278,52
4294967278,51
4294967278,50
4294967278,49
4294967278,48
4294967278,47
4294967278,46
4294967278,45
4294967278,44
4294967278,43
4294967278,42
4294967278,41
4294967278,40
4294967278,39
4294967278,38
4294967279,20
4294967279,17
4294967279,14
4294967279,12
4294967279,9
4294967279,8
4294967279,7
4294967279,5
4294967294,180
4294967294,189
4294967294,191
4294967294,61
4294967279,258
4294967279,257
4294967294,30
4294967294,164
4294967294,165
4294967294,176
4294967294,18
4294967294,20
4294967294,13
4294967294,201
4294967294,182
4294967294,179
4294967294,170
4294967294,188
4294967294,163
4294967294,175
4294967294,183
4294967294,173
4294967294,451
4294967294,443
4294967294,127
4294967294,14
4294967294,126
4294967294,166
4294967294,24
4294967294,12
4294967294,160
4294967294,119
4294967294,168
4294967279,557
4294967279,6
4294967294,436
4294967278,124
4294967294,50
4294967279,556
4294967279,4
4294967278,367
4294967278,132
4294967279,555
4294967278,366
4294967278,131
4294967278,365
4294967278,130
4294967294,37
4294967279,554
4294967278,364
4294967278,129
4294967278,256
4294967279,553
4294967278,363
4294967278,127
4294967279,552
4294967278,254
4294967278,362
4294967278,126
32,5
32,4
4294967278,361
4294967278,125
32,3
32,2
32,1
4294967279,551
4294967294,40
4294967294,386
4294967278,360
4294967278,123
4294967278,253
4294967278,250
4294967278,248
4294967278,117
4294967278,246
30,4
4294967278,244
30,3
30,2
30,1
4294967278,243
4294967278,242
4294967278,237
4294967278,115
4294967278,239
4294967278,359
4294967278,114
29,6
4294967278,113
4294967278,236
4294967279,550
4294967278,234
29,5
4294967278,108
4294967278,230
29,4
4294967278,228
29,3
29,2
29,1
4294967278,227
4294967278,226
4294967278,105
4294967294,185
0,5
4294967278,220
4294967278,106
4294967278,223
4294967278,221
28,5
4294967278,218
4294967278,216
28,4
28,3
28,2
28,1
4294967278,214
4294967278,213
4294967294,393
4294967294,114
4294967294,89
4294967294,1003
4294967294,1
4294967294,46
4294967278,212
4294967278,358
4294967278,100
4294967279,549
4294967278,211
27,5
4294967294,22
4294967294,17
4294967294,99
4294967294,76
4294967278,209
27,4
4294967278,208
27,3
27,2
27,1
4294967278,357
4294967278,0
4294967278,95
4294967278,207
4294967294,107
4294967278,206
4294967294,7
4294967294,6
4294967294,94
4294967294,93
4294967294,96
4294967294,95
4294967278,205
26,4
26,3
26,2
26,1
4294967279,548
4294967294,9
4294967278,204
4294967294,8
0,7
4294967294,45
4294967294,426
4294967294,52
4294967294,150
4294967294,128
4294967294,2
4294967294,0
4294967294,468
4294967294,149
4294967294,418
4294967294,28
4294967294,1016
4294967294,27
4294967294,1017
4294967294,26
4294967294,469
4294967294,25
4294967294,90
4294967294,86
4294967294,42
4294967294,81
4294967294,82
4294967294,67
4294967294,68
4294967294,11
4294967294,5
4294967278,356
4294967279,547
4294967278,355
4294967278,354
4294967279,546
4294967279,545
4294967294,1420
4294967279,544
4294967278,353
4294967278,352
4294967279,543
4294967278,351
4294967279,542
4294967279,541
4294967278,350
4294967279,540
4294967278,349
4294967278,348
22,5
22,4
22,3
22,2
22,1
21,4
21,3
21,2
21,1
4294967279,539
4294967279,538
4294967278,347
4294967278,346
4294967279,537
4294967279,536
4294967278,345
4294967278,344
4294967279,535
20,4
20,3
20,2
20,1
4294967278,343
4294967294,473
4294967294,204
4294967278,342
19,6
4294967278,341
4294967279,534
19,5
19,4
19,3
19,2
19,1
4294967279,533
4294967279,532
18,5
18,4
18,3
18,2
18,1
4294967279,531
4294967294,472
4294967278,340
4294967279,530
4294967278,339
17,5
17,4
17,3
17,2
17,1
4294967278,338
16,4
4294967279,529
16,3
16,2
16,1
4294967279,528
4294967279,527
4294967278,337
4294967279,526
4294967278,336
4294967278,335
4294967279,525
